#name	chrom	strand	txStart	txEnd	cdsStart	cdsEnd	exonCount	exonStarts	exonEnds	proteinID	alignID
ENST00000331835.10	chr1	-	86862444	86914126	86863473	86914111	5	86862444,86868052,86880661,86903280,86914027,	86863605,86868102,86880725,86903448,86914126,	O60613	uc021oph.3
ENST00000611507.4	chr1	-	86862446	86914424	86863546	86914111	5	86862446,86880661,86880692,86903280,86914027,	86863605,86880689,86880725,86903448,86914424,	A0A087WXL0	uc057ibz.1
ENST00000616787.4	chr1	-	86862446	86914424	86863473	86914111	6	86862446,86868052,86880661,86880692,86903280,86914027,	86863605,86868102,86880689,86880725,86903448,86914424,	A0A087X1G7	uc057ica.1
ENST00000370554.5	chr1	-	86862724	86914134	86863546	86914111	4	86862724,86880661,86903280,86914027,	86863605,86880725,86903448,86914134,	O60613	uc021opi.2
ENST00000648872.1	chr1	-	86862826	86914370	86866154	86914111	6	86862826,86866071,86868052,86880661,86903280,86914027,	86863605,86866169,86868102,86880725,86903448,86914370,	A0A3B3IT39	uc285grr.1
ENST00000469566.5	chr1	-	86863166	86914424	86863166	86863166	5	86863166,86868052,86880661,86903280,86914314,	86863605,86868102,86880725,86903448,86914424,		uc057icb.1
ENST00000401030.4	chr1	-	86863300	86914126	86863577	86914111	6	86863300,86868052,86880661,86887155,86903280,86914027,	86863605,86868102,86880725,86887196,86903448,86914126,	A8MZD0	uc057icc.1
ENST00000497861.5	chr1	-	86863516	86903352	86863516	86903352	4	86863516,86880661,86887155,86903280,	86863605,86880725,86887196,86903352,	A0A0J9YX89	uc057icd.2
ENST00000467557.1	chr1	-	86868095	86914065	86913970	86914065	4	86868095,86880661,86903280,86913805,	86868102,86880725,86903448,86914065,	A0A0J9YXM9	uc057ice.2
